{
 "cells": [
  {
   "cell_type": "code",
   "execution_count": 1,
   "id": "ec017808",
   "metadata": {},
   "outputs": [
    {
     "name": "stdout",
     "output_type": "stream",
     "text": [
      "[[ 36.22848187 -54.69945994  29.78026711  -5.39249239  13.45617719\n",
      "   41.7983902   -8.71970938  -8.45931056]\n",
      " [-54.69945994  89.4134859  -47.59090789   8.61757242 -21.5038934\n",
      "  -66.79669226  13.93469321  13.51855805]\n",
      " [ 29.78026711 -47.59090789  27.91012691  -4.69170279  11.70745909\n",
      "   36.36641642  -7.5865262   -7.35996791]\n",
      " [ -5.39249239   8.61757242  -4.69170279   2.84955489  -2.11994015\n",
      "   -6.58508613   1.37373801   1.33271373]\n",
      " [ 13.45617719 -21.5038934   11.70745909  -2.11994015   7.29000104\n",
      "   16.43212068  -3.42796257  -3.32559248]\n",
      " [ 41.7983902  -66.79669226  36.36641642  -6.58508613  16.43212068\n",
      "   53.04244558 -10.64814433 -10.33015618]\n",
      " [ -8.71970938  13.93469321  -7.5865262    1.37373801  -3.42796257\n",
      "  -10.64814433   4.22134689   2.15501026]\n",
      " [ -8.45931056  13.51855805  -7.35996791   1.33271373  -3.32559248\n",
      "  -10.33015618   2.15501026   4.09065466]]\n",
      "Iteration:   0\n",
      "Iteration:   1000\n",
      "Iteration:   2000\n",
      "Iteration:   3000\n",
      "Iteration:   4000\n",
      "Iteration:   5000\n",
      "Iteration:   6000\n",
      "Iteration:   7000\n",
      "Iteration:   8000\n",
      "Iteration:   9000\n",
      "Iteration:   0\n",
      "Iteration:   1000\n",
      "Iteration:   2000\n",
      "Iteration:   3000\n",
      "Iteration:   4000\n",
      "Iteration:   5000\n",
      "Iteration:   6000\n",
      "Iteration:   7000\n",
      "Iteration:   8000\n",
      "Iteration:   9000\n"
     ]
    }
   ],
   "source": [
    "import SplinesNLines\n",
    "import numpy as np\n",
    "import torch\n",
    "\n",
    "m = 2 \n",
    "B = 5\n",
    "O = 2300\n",
    "T = np.linspace(0,10, B+m+2)\n",
    "Lp = 3\n",
    "np.random.seed(201763)\n",
    "mu = np.array([1.0, 3.0, 4.0, 1.5, np.pi, -1, 2.3, 0.7])\n",
    "L = np.random.normal(size = B + Lp).reshape(-1,1)\n",
    "S = 100*L@L.T + 2*np.eye(B + Lp)\n",
    "\n",
    "print(S)\n",
    "\n",
    "O0 = np.random.multivariate_normal(mean = mu, cov = S, size = O)\n",
    "\n",
    "K_vec = np.random.randint(50, 100, O)\n",
    "\n",
    "\n",
    "X_a = []\n",
    "f_a = []\n",
    "T_a = []\n",
    "\n",
    "mu_v = []\n",
    "for o in range(O):\n",
    "    Tau = np.sort(np.random.uniform(size = K_vec[o]))\n",
    "    To = np.random.uniform(0,10, size = K_vec[o])\n",
    "    X_B = SplinesNLines.get_basis_mat_B_Spline_opt(To, B, m, T)\n",
    "    X_L = SplinesNLines.eval_Line_Profiles_opt(To, loc_vals= np.array([1.5, 3.5, 7.5]), width_vals= np.array([1, 2.0, 0.5]))\n",
    "    X = np.hstack((X_B, X_L))\n",
    "    f = np.random.multivariate_normal(mean = X@O0[o, :], cov = np.diag(1/Tau), size = 1 )\n",
    "    X_a.append(X)\n",
    "    T_a.append(np.diag(Tau))\n",
    "    f_a.append(f.T)\n",
    "    mu_v.append(np.mean(f))\n",
    "\n",
    "\n",
    "f_a2 = [f/np.abs(np.mean(mu_v)) for f in f_a]\n",
    "A = SplinesNLines.get_mat_comp(X_a, f_a2, T_a)\n",
    "l = A['XtTX'][5]\n",
    "\n",
    "\n",
    "\n",
    "L = SplinesNLines.EM_alg(A['XtXf'], A['XtTX'], n_max = 10000, tol = 1e-10)\n",
    "\n",
    "mu_h = L['mu_h']\n",
    "S_h = L['S_h']\n",
    "\n",
    "A2 = SplinesNLines.get_mat_comp(X_a, f_a, T_a)\n",
    "L2 = SplinesNLines.EM_alg(A2['XtXf'], A2['XtTX'], n_max = 10000, tol = 1e-10)\n",
    "\n",
    "mu_h2 = L['mu_h']\n",
    "S_h2 = L['S_h']\n",
    "\n",
    "\n",
    "\n",
    "\n",
    "\n"
   ]
  },
  {
   "cell_type": "code",
   "execution_count": 5,
   "id": "50452858",
   "metadata": {},
   "outputs": [
    {
     "name": "stdout",
     "output_type": "stream",
     "text": [
      "Absolute error for mu in % \n",
      "tensor([[ 37.9565],\n",
      "        [ 30.4445],\n",
      "        [ 13.0429],\n",
      "        [ 13.3996],\n",
      "        [  5.0364],\n",
      "        [ 83.9292],\n",
      "        [164.2704],\n",
      "        [ 12.3015]], dtype=torch.float64)\n",
      "Absolute error for S entries in %\n",
      "tensor([[ 4.1121,  3.9184,  0.3573, 11.7247,  0.3732,  3.6484, 49.3714,  1.3831],\n",
      "        [ 3.9184,  7.4642,  4.1917, 15.5704,  2.1231,  0.4556, 49.6593,  5.3337],\n",
      "        [ 0.3573,  4.1917,  4.9544, 28.6802,  1.7616,  2.7424, 57.0898,  0.6246],\n",
      "        [11.7247, 15.5704, 28.6802, 53.4591, 21.9722, 10.7169, 20.4997,  0.3536],\n",
      "        [ 0.3732,  2.1231,  1.7616, 21.9722, 18.0429,  2.7865, 42.2182, 20.3095],\n",
      "        [ 3.6484,  0.4556,  2.7424, 10.7169,  2.7865,  2.4973, 58.3609,  1.9024],\n",
      "        [49.3714, 49.6593, 57.0898, 20.4997, 42.2182, 58.3609, 62.4087, 71.8738],\n",
      "        [ 1.3831,  5.3337,  0.6246,  0.3536, 20.3095,  1.9024, 71.8738, 35.5039]],\n",
      "       dtype=torch.float64)\n",
      "Absolute error for mu2 in % \n",
      "tensor([[ 5.0319],\n",
      "        [ 4.9624],\n",
      "        [ 0.5094],\n",
      "        [ 2.4062],\n",
      "        [ 1.4665],\n",
      "        [ 3.2879],\n",
      "        [11.7206],\n",
      "        [ 8.1560]], dtype=torch.float64)\n",
      "Absolute error for Sh2 entries in %\n",
      "tensor([[1.3342e+00, 2.4710e+00, 2.1039e-01, 7.7778e+00, 1.2115e-01, 1.3849e+00,\n",
      "         3.4476e+01, 1.2448e-01],\n",
      "        [2.4710e+00, 4.7040e+00, 2.5276e+00, 9.7791e+00, 3.2950e-01, 3.6203e-02,\n",
      "         4.0383e+01, 3.8270e+00],\n",
      "        [2.1039e-01, 2.5276e+00, 1.2050e+00, 1.0371e+01, 8.1070e-01, 2.6842e+00,\n",
      "         5.6863e+01, 2.8126e+00],\n",
      "        [7.7778e+00, 9.7791e+00, 1.0371e+01, 3.3681e-01, 9.2140e+00, 4.8631e+00,\n",
      "         3.4639e+01, 5.7926e-01],\n",
      "        [1.2115e-01, 3.2950e-01, 8.1070e-01, 9.2140e+00, 1.4440e+00, 5.6959e-01,\n",
      "         1.9342e+01, 1.1317e+00],\n",
      "        [1.3849e+00, 3.6203e-02, 2.6842e+00, 4.8631e+00, 5.6959e-01, 4.1965e+00,\n",
      "         4.1717e+01, 1.9709e+00],\n",
      "        [3.4476e+01, 4.0383e+01, 5.6863e+01, 3.4639e+01, 1.9342e+01, 4.1717e+01,\n",
      "         6.3925e+01, 4.0738e+01],\n",
      "        [1.2448e-01, 3.8270e+00, 2.8126e+00, 5.7926e-01, 1.1317e+00, 1.9709e+00,\n",
      "         4.0738e+01, 7.0151e+00]], dtype=torch.float64)\n"
     ]
    }
   ],
   "source": [
    "mu_h2 = L2['mu_h']\n",
    "S_h2 = L2['S_h']\n",
    "\n",
    "#S= torch.from_numpy(S)\n",
    "#mu = torch.from_numpy(mu)\n",
    "\n",
    "print(\"Absolute error for mu in % \")\n",
    "print(100*torch.abs(np.abs(np.mean(mu_v))*mu_h - mu.reshape(-1,1) )/torch.abs(mu.reshape(-1,1)))\n",
    "\n",
    "print(\"Absolute error for S entries in %\")\n",
    "print(100*torch.abs(S - S_h*(np.mean(mu_v)**2))/torch.abs(S))\n",
    "\n",
    "\n",
    "\n",
    "\n",
    "print(\"Absolute error for mu2 in % \")\n",
    "print(100*torch.abs(mu_h2 - mu.reshape(-1,1) )/torch.abs(mu.reshape(-1,1)))\n",
    "print(\"Absolute error for Sh2 entries in %\")\n",
    "\n",
    "print(100*torch.abs(S - S_h2)/torch.abs(S))\n",
    "\n"
   ]
  },
  {
   "cell_type": "code",
   "execution_count": null,
   "id": "43858164",
   "metadata": {},
   "outputs": [],
   "source": []
  }
 ],
 "metadata": {
  "kernelspec": {
   "display_name": "base",
   "language": "python",
   "name": "python3"
  },
  "language_info": {
   "codemirror_mode": {
    "name": "ipython",
    "version": 3
   },
   "file_extension": ".py",
   "mimetype": "text/x-python",
   "name": "python",
   "nbconvert_exporter": "python",
   "pygments_lexer": "ipython3",
   "version": "3.12.4"
  }
 },
 "nbformat": 4,
 "nbformat_minor": 5
}
